Q:
1. Jde auto nastratovat?
2. Jsou v autě pohoné hmoty?
3. Točí se startér?(Snaží se auto nastartovat?)
4. Svítí světla?
5. Mrzne?
14. Je v autě správná hladina oleje?
7. Jezdí auto na naftu? 
15. Byla natankována arktická nafta nebo byla přidána aditiva?
6. Jde do válce palivo?(je svíčka mokrá)
8. Dělá svíčka jiskru?
16. Jde do svíčky el.proud?
21. Jsou zvuky slyset při přejezdu nerovnosti?
23. Je slyšet hučení?
22. Jsou slyšet zvuky při zatáčení?
24. Je zvuk klepání při zatáčení?
26. Máte správný tlak v pneumatikách?
25. Klepání při výšších rychlostech?
9. Svítí po nastartování některé kontrolky?
13. Jede auto?
18. Brzdí auto?
20. Výdává nějaké zvuky?
28. Jsou cítit vibrace ve volantu?
27. Klepání při stání?
29. Vadí vám zvuk?
19. Je dostatek brzdové kapaliny?
17. Zvedají se otáčky při šlapání na plyn?
10. Svítí nebo bliká kontrolka brzd?
11. Svítí kontrolka chladící kapaliny?
12. Svítí kontolka oleje?
30. Máte zataženou ruční brzdu?
31. Je správná hladina chladící kapaliny?
32. Je motor zahřátý?
33. Svítí kontrolka baterie?
34. Máte dopněné všechny ostatní provozní kapaliny?


C:
1. Nejspíš není palivo natankujte.
2. Nejspíš problém s baterií.
3. Problém ve vadném elektrickém rozvodu. Nebo možná startéru.
4. Doplňte olej na rysku.
5. Auto zamrzlo počkejte na lepší teploty.
6. Uvolněné části podvozku.
7. Problém s přívodem paliva.
8. Problém se vštřiky nebo žhavící svíčkou.
9. Vadná svíčka.
10. Nevypadá to na žádný problém.
11. Problém s převodovkou nebo spojkou.
12. Problém s plynovým pedálem.
13. Doplňte brzdovou kapalinu.
14. Problém s brzdovými destičkami nebo kotouči.
15. Neidentifikovatellné. Jeďte do servisu.
16. Jeďte dál a zesilte si rádio.
17. Problém s dobíjením baterie jeďte do nejbližšího servisu.
18. Doplňte chladící kapalinu, kontrolka by měla zhasnout a dojeďte do nejbližšího servisu.
19. Uvolňěte ruční brzdu.
20. Závada na brzdách nebo nedostatek brzdové kapaliny, není doporučeno jezdit odstavte vozidlo a zavolejte technika.
21. Nechte vychladnout a zkontrolujte chladící kapalinu.
22. Problém s olejovým čerpadlem nebo čidlem.
23. Kontrolka není tak závažná, dojeďte do servisu.
24. Doplňte ostatní provozní kapaliny.
25. Opotřebený dvouhmotový setrvačník nebo spojkové ložisko.
26. Nevyvážená kola.
27. Mohlo by se jednat o opotřebené čepy v kolech.
28. Problém s ložisky.
29. Dofoukejte pneumatiky.
30. Nejspíš příliž opotřebené poloosy.

F:
0;1;2;3;4;5;6;7;8;9;10;11;12;13;14;15;16;17;18;19;20;21;22;23;24;25;26;27;28;29;30;31;32;33;34
1;0.0;0.0;0.0;0.4;0.7;0.0;0.5;1.0;0.0;0.0;0.0;0.0;0.0;1.0;0.5;1.0;1.0;0.0;1.0;0.0;0.2;0.0;0.0;0.0;0.0;1.0;0.0;0.0;0.5;0.0;1.0;0.0;0.0;1.0
2;0.1;1.0;0.0;0.0;0.7;0.8;0.5;0.0;0.4;0.0;0.0;0.0;0.2;1.0;0.5;0.0;1.0;0.2;1.0;0.0;0.3;0.0;0.0;0.0;0.0;1.0;0.0;0.0;0.5;0.0;1.0;0.0;0.9;1.0
3;0.1;1.0;0.0;0.0;0.7;1.0;0.5;0.0;0.3;0.0;0.0;0.0;0.1;1.0;0.5;0.0;1.0;0.1;1.0;0.1;0.3;0.0;0.0;0.0;0.0;1.0;0.0;0.0;0.5;0.0;1.0;0.0;0.0;1.0
4;0.3;1.0;0.4;1.0;1.0;0.8;0.9;1.0;0.2;0.0;0.0;1.0;0.3;0.0;0.5;1.0;1.0;0.3;1.0;0.1;0.2;0.0;0.0;0.0;0.0;1.0;0.0;0.0;0.5;0.0;1.0;0.0;0.0;0.4
5;0.0;1.0;0.4;0.4;0.5;0.9;0.5;1.0;0.1;0.0;0.0;0.0;0.0;1.0;0.0;1.0;1.0;0.0;1.0;0.0;0.3;0.0;0.0;0.0;0.0;1.0;0.0;0.0;0.5;0.0;1.0;0.0;0.0;1.0
6;0.9;1.0;1.0;1.0;0.5;1.0;0.5;1.0;0.2;0.0;0.0;0.0;0.1;1.0;0.5;1.0;1.0;0.1;1.0;0.0;0.3;0.0;0.0;0.0;0.0;1.0;0.0;0.0;0.5;0.0;1.0;0.0;0.0;1.0
7;0.0;1.0;1.0;1.0;0.5;0.0;0.5;1.0;0.3;0.0;0.0;0.0;0.2;1.0;0.5;1.0;1.0;0.2;1.0;0.0;0.2;0.0;0.0;0.0;0.0;1.0;0.0;0.0;0.5;0.0;1.0;0.0;0.0;1.0
8;0.0;1.0;1.0;1.0;0.5;1.0;0.5;0.0;0.2;0.0;0.0;0.0;0.3;1.0;0.5;1.0;1.0;0.3;1.0;0.1;0.3;0.0;0.0;0.0;0.0;1.0;0.0;0.0;0.5;0.0;1.0;0.0;0.0;1.0
9;1.0;1.0;1.0;1.0;0.5;1.0;0.5;0.0;0.4;0.0;0.0;0.0;0.2;1.0;0.5;1.0;1.0;0.2;1.0;0.1;0.3;0.0;0.0;0.0;0.0;1.0;0.0;0.0;0.5;0.0;1.0;0.0;0.0;1.0
10;1.0;1.0;1.0;1.0;0.5;1.0;0.5;1.0;0.0;0.0;0.0;0.0;1.0;1.0;0.5;1.0;1.0;1.0;1.0;0.0;0.2;0.0;0.0;0.0;0.0;1.0;0.0;0.0;0.5;0.0;1.0;0.0;0.0;1.0
11;1.0;1.0;1.0;1.0;0.5;1.0;0.5;1.0;0.4;0.0;0.0;0.0;0.6;1.0;0.5;1.0;1.0;0.6;1.0;0.0;0.3;0.2;0.2;0.2;0.0;1.0;0.0;0.0;0.5;0.0;1.0;0.0;0.0;1.0
12;1.0;1.0;1.0;1.0;0.5;1.0;0.5;1.0;0.3;0.0;0.0;0.0;0.4;1.0;0.5;1.0;0.2;0.4;1.0;0.0;0.3;0.1;0.1;0.1;0.0;1.0;0.0;0.0;0.5;0.0;1.0;0.0;0.0;1.0
13;1.0;1.0;1.0;1.0;0.5;1.0;0.5;1.0;0.9;0.0;0.0;0.0;1.0;1.0;0.5;1.0;1.0;1.0;1.0;0.1;0.4;0.1;0.1;0.1;0.0;1.0;0.0;0.0;0.5;0.0;1.0;1.0;0.0;1.0
14;1.0;1.0;1.0;1.0;0.5;1.0;0.5;1.0;0.8;0.0;0.0;0.0;1.0;1.0;0.5;1.0;1.0;1.0;1.0;0.1;0.1;0.1;0.1;0.1;0.0;1.0;0.0;0.0;0.6;0.0;1.0;1.0;0.0;1.0
15;1.0;1.0;1.0;1.0;0.5;1.0;0.5;1.0;0.2;0.0;0.0;0.0;1.0;1.0;0.5;1.0;1.0;1.0;1.0;0.0;0.2;0.2;0.2;0.2;0.0;1.0;0.0;0.0;0.4;0.0;1.0;1.0;0.0;1.0
16;1.0;1.0;1.0;1.0;0.5;1.0;0.5;1.0;0.1;0.0;0.0;0.0;1.0;1.0;0.5;1.0;1.0;1.0;1.0;0.0;0.3;0.1;0.1;0.1;0.2;1.0;0.0;0.0;0.5;0.0;1.0;1.0;0.0;1.0
17;1.0;1.0;1.0;1.0;0.5;1.0;0.5;1.0;0.8;0.0;0.0;0.0;1.0;1.0;0.5;1.0;1.0;1.0;1.0;0.0;0.3;0.1;0.1;0.1;0.0;1.0;0.0;0.0;0.5;0.0;1.0;1.0;1.0;1.0
18;1.0;1.0;1.0;1.0;0.5;1.0;0.5;1.0;1.0;0.0;1.0;0.0;1.0;1.0;0.5;1.0;1.0;1.0;0.0;0.1;0.2;0.1;0.1;0.1;0.0;1.0;0.0;0.0;0.5;1.0;0.0;1.0;0.1;1.0
19;1.0;1.0;1.0;1.0;0.5;1.0;0.5;1.0;1.0;1.0;0.0;0.0;0.2;1.0;0.5;1.0;1.0;0.0;1.0;0.1;0.3;0.2;0.2;0.2;0.0;1.0;0.0;0.0;0.5;0.0;1.0;1.0;0.1;1.0
20;1.0;1.0;1.0;1.0;0.5;1.0;0.5;1.0;0.9;1.0;0.0;0.0;0.8;1.0;0.5;1.0;1.0;0.8;1.0;0.0;0.3;0.1;0.1;0.1;0.0;1.0;0.0;0.0;0.5;0.0;1.0;1.0;0.1;1.0
21;1.0;1.0;1.0;1.0;0.5;1.0;0.5;1.0;0.9;0.0;1.0;0.0;0.5;1.0;0.5;1.0;1.0;0.5;1.0;0.0;0.2;0.1;0.1;0.1;0.0;1.0;0.0;0.0;0.5;0.0;1.0;1.0;0.1;0.2
22;1.0;1.0;1.0;1.0;0.5;1.0;0.5;1.0;0.9;0.0;0.0;1.0;1.0;1.0;0.5;1.0;1.0;1.0;1.0;0.0;0.3;0.1;0.1;0.1;0.0;1.0;0.0;0.0;0.5;0.0;1.0;1.0;0.1;1.0
23;1.0;1.0;1.0;1.0;0.5;1.0;0.5;1.0;1.0;0.0;0.0;0.0;1.0;1.0;0.5;1.0;1.0;1.0;1.0;0.1;0.3;0.2;0.2;0.2;0.0;1.0;0.0;0.0;0.5;0.0;1.0;1.0;0.1;0.0
24;1.0;1.0;1.0;1.0;0.5;1.0;0.5;1.0;1.0;0.0;0.0;0.0;1.0;1.0;0.5;1.0;1.0;1.0;1.0;0.1;0.2;0.1;0.1;0.1;0.1;1.0;0.0;0.0;0.5;0.0;1.0;1.0;0.1;1.0
25;1.0;1.0;1.0;1.0;0.5;1.0;0.5;1.0;0.1;0.0;0.0;0.0;1.0;1.0;0.5;1.0;1.0;1.0;1.0;1.0;0.3;0.7;0.6;0.4;1.0;1.0;1.0;0.6;0.5;0.0;1.0;1.0;0.1;1.0
26;1.0;1.0;1.0;1.0;0.5;1.0;0.5;1.0;0.2;0.0;0.0;0.0;1.0;1.0;0.5;1.0;1.0;1.0;1.0;0.9;0.3;0.2;0.2;0.6;0.9;1.0;0.1;1.0;0.5;0.0;1.0;1.0;0.1;1.0
27;1.0;1.0;1.0;1.0;0.5;1.0;0.5;1.0;0.1;0.0;0.0;0.0;1.0;1.0;0.5;1.0;1.0;1.0;1.0;1.0;0.7;1.0;0.7;1.0;0.8;1.0;0.1;0.1;0.5;0.0;1.0;1.0;0.1;1.0
28;1.0;1.0;1.0;1.0;0.5;1.0;0.5;1.0;0.2;0.0;0.0;0.0;1.0;1.0;0.5;1.0;1.0;1.0;1.0;0.9;0.8;0.8;1.0;0.5;0.7;1.0;0.1;0.2;0.5;0.0;1.0;1.0;0.1;1.0
29;1.0;1.0;1.0;1.0;0.5;1.0;0.5;1.0;0.1;0.0;0.0;0.0;1.0;1.0;0.5;1.0;1.0;1.0;1.0;0.8;1.0;0.8;1.0;0.4;0.7;0.0;0.0;0.6;0.5;0.0;1.0;1.0;0.1;1.0
30;1.0;1.0;1.0;1.0;0.5;1.0;0.5;1.0;0.2;0.0;0.0;0.0;1.0;1.0;0.5;1.0;1.0;1.0;1.0;0.9;0.3;0.4;0.6;1.0;0.6;1.0;0.1;0.3;0.5;0.0;1.0;1.0;0.1;1.0





